120	-0.207310774992103	-0.207429766894894	-0.711807621441642	-0.919118396433745	-0.711702422904601
121	-0.20105974900753	-0.201179603658079	-0.705871369088663	-0.906931118096193	-0.705767857784312
122	-0.194821173031997	-0.194941891145751	-0.699997958527478	-0.894819131559476	-0.699896097790182
123	-0.188594670516494	-0.18871625276328	-0.694186296914887	-0.882780967431381	-0.694086051073628
124	-0.182379870404532	-0.182502317409468	-0.688435317697725	-0.870815188102257	-0.68833665204385
125	-0.176176407057726	-0.1762997194021	-0.682743979795012	-0.858920386852738	-0.682646860551187
126	-0.169983920181314	-0.170108098403446	-0.67711126681164	-0.847095186992954	-0.677015661101983
127	-0.163802054749713	-0.163927099345797	-0.67153618628217	-0.835338241031883	-0.671442062103488
128	-0.157630460932198	-0.157756372357122	-0.666017768943332	-0.82364822987553	-0.665925095137435
129	-0.151468794018794	-0.151595572686942	-0.660555068033938	-0.812023862052732	-0.660463814260966
130	-0.145316714346444	-0.145444360632476	-0.655147158620948	-0.800463872967392	-0.655057295333686
131	-0.139173887225528	-0.139302401465144	-0.649793136950538	-0.788967024176065	-0.64970463536966
132	-0.133039982866795	-0.133169365357478	-0.644492119823036	-0.777532102689831	-0.644404951913259
133	-0.126914676308759	-0.127044927310501	-0.639243243990695	-0.766157920299453	-0.639157382437782
134	-0.120797647345609	-0.120928767081623	-0.634045665577275	-0.754843312922884	-0.633961083765878
135	-0.114688580455689	-0.114820569113096	-0.628898559518517	-0.743587139974206	-0.628815231510799
136	-0.108587164730573	-0.108720022461079	-0.62380111902258	-0.732388283753153	-0.623719019537608
137	-0.102493093804784	-0.10262682072534	-0.618752555049608	-0.721245648854392	-0.618671659443466
138	-0.0964060657861836	-0.0965406619796278	-0.613752095809598	-0.710158161595782	-0.613672380056205
139	-0.0903257831870684	-0.0904612487027521	-0.608798986277808	-0.699124769464877	-0.608720426950408
140	-0.0842519528559857	-0.084388287710387	-0.60389248772697	-0.688144440582956	-0.603815061980263
141	-0.0781842859103055	-0.0783214900876269	-0.599031877275601	-0.677216163185907	-0.598955562828498
142	-0.072122497669561	-0.0722605711223125	-0.594216447451763	-0.666338945121324	-0.594141222570729
143	-0.0660663075895762	-0.0662052502391445	-0.589445505771623	-0.655511813361199	-0.589371349254599
144	-0.0600154391973952	-0.0601552509345996	-0.584718374332227	-0.644733813529622	-0.584645265493093
145	-0.0539696200270268	-0.0541103007126619	-0.580034389417902	-0.634004009444929	-0.579962308071475
146	-0.0479285815560138	-0.0480701310213783	-0.57539290111975	-0.623321482675763	-0.575321827567284
147	-0.0418920591428355	-0.0420344771902497	-0.570793272967701	-0.612685332110537	-0.570723187982878
148	-0.0358597919651506	-0.0360030783684607	-0.566234881574649	-0.6020946735398	-0.566165766390034
149	-0.0298315229588854	-0.0299756774639562	-0.56171711629217	-0.591548639251055	-0.561648952586122
150	-0.0238069987581713	-0.0239520210833668	-0.557239378877391	-0.581046377635562	-0.557172148761409
151	-0.0177859696361323	-0.0179318594727855	-0.552801083170579	-0.570587052806711	-0.552734769177057
152	-0.011768189446526	-0.011914946459397	-0.54840165478302	-0.560169844229546	-0.548336239853413
153	-0.00575341556623519	-0.005901039393959	-0.544040530794812	-0.549793946361048	-0.543975998268185
154	0.000258591161388713	0.00011010090586539	-0.539717159462194	-0.539458568300806	-0.539653493064141
155	0.00626806648233483	0.00611871021132686	-0.535430999934041	-0.529162933451706	-0.535368183765966
156	0.0122752427868961	0.0121250209375633	-0.531181521977192	-0.518906279190296	-0.531119540505939
157	0.0182803491637914	0.0181292621977316	-0.526968205710285	-0.508687856546493	-0.526907043758089
158	0.024283611453451	0.0241316598563027	-0.522790541345771	-0.49850692989232	-0.522730184080542
159	0.0302852523004702	0.0301324365815246	-0.518648028939822	-0.488362776639352	-0.518588461865728
160	0.0362854912052383	0.0361318118970604	-0.514540178149833	-0.478254686944595	-0.514481387098191
161	0.0422845445747481	0.0421300022328061	-0.510466507999253	-0.468181963424505	-0.510408479119695
162	0.048282625772593	0.0481272209748974	-0.506426546649473	-0.45814392087688	-0.506369266401399
163	0.0542799451681606	0.0541236785149105	-0.502419831178521	-0.448139886010361	-0.502363286322814
164	0.0602767101850285	0.060119582298267	-0.498445907366327	-0.438169197181299	-0.498390084957325
165	0.0662731253485722	0.0661151368718491	-0.494504329486315	-0.428231204137743	-0.494449216864032
166	0.0722693923327924	0.0721105439308352	-0.49059466010311	-0.418325267770318	-0.490540244885698
167	0.0782657100063713	0.0781060023647633	-0.486716469876141	-0.40845075986977	-0.486662739952581
168	0.0842622744779664	0.0841017083028328	-0.482869337368935	-0.398607062890968	-0.482816280891952
169	0.0902592791407513	0.0900978551584517	-0.47905284886391	-0.388793569723159	-0.479000454243104
170	0.0962569147162123	0.0960946336730411	-0.475266598182475	-0.379009683466263	-0.475214854077658
171	0.102255369297212	0.102092231959105	-0.471510186510254	-0.369254817213042	-0.471459081824988
172	0.108254828390325	0.108090835542573	-0.467783222227263	-0.359528393836938	-0.467732746102594
173	0.114255474957467	0.114090627404436	-0.464085320742879	-0.349829845785412	-0.464035462551256
174	0.120257489456807	0.120091788021663	-0.460416104335424	-0.340158614878617	-0.460366853674798
175	0.126261049882996	0.126094495407439	-0.456775201996228	-0.330514152113232	-0.45672654868433
176	0.132266331806701	0.132098925150705	-0.453162249278011	-0.32089591747131	-0.453114183346794
177	0.138273508413475	0.13810525045503	-0.449576888147452	-0.311303379733977	-0.449529399837698
178	0.144282750541951	0.144113642176814	-0.44601876684179	-0.301736016299839	-0.445971846597876
179	0.15029422672139	0.15012426886284	-0.442487539729349	-0.292193313007959	-0.442441178194162
180	0.156308103208576	0.156137296787177	-0.43898286717384	-0.282674763965264	-0.438937055183844
181	0.162324544024085	0.162152889987452	-0.435504415402328	-0.273179871378243	-0.435459143982771
182	0.168343710987923	0.168171210300492	-0.432051856376751	-0.263708145388828	-0.432007116737007
183	0.174365763754549	0.174192417397356	-0.428624867668858	-0.254259103914309	-0.428580651197909
184	0.180390859847297	0.180216668817759	-0.425223132338486	-0.244832272491189	-0.425179430600527
185	0.186419154692198	0.1862441200039	-0.421846338815045	-0.235427184122847	-0.421803143545217
186	0.192450801651222	0.192274924333708	-0.418494180782127	-0.226043379130905	-0.41845148388237
187	0.198485952054938	0.198309233153504	-0.415166357065132	-0.216680405010195	-0.415124150600153
188	0.20452475523461	0.204347195810111	-0.411862571521826	-0.207337816287216	-0.411820847715184
189	0.210567358553739	0.210388959682388	-0.408582532935727	-0.198015174381988	-0.408541284166025
190	0.216613907439055	0.216434670212232	-0.405325954912251	-0.188712047473196	-0.405285173709432
191	0.222664545410967	0.222484470935035	-0.402092555777512	-0.179428010366545	-0.402052234819265
192	0.228719414113492	0.228538503509613	-0.39888205847972	-0.170162644366228	-0.398842190587974
193	0.234778653343659	0.234596907747616	-0.395694190493069	-0.16091553714941	-0.395654768630596
194	0.240842401080402	0.24065982164242	-0.392528683724071	-0.151686282643669	-0.392489700991171
195	0.246910793512953	0.246727381397532	-0.389385274420235	-0.142474480907282	-0.38934672405152
196	0.252983965068739	0.252799721454487	-0.386263703081045	-0.133279738012306	-0.386225578442306
197	0.259062048440799	0.258876974520263	-0.383163714371148	-0.124101665930349	-0.383126008956307
198	0.26514517461472	0.264959271594228	-0.380085057035702	-0.114939882420982	-0.380047764463847
199	0.271233472895106	0.271046741994613	-0.377027483817815	-0.105794010922708	-0.376990597830316
200	0.277327070931593	0.277139513384522	-0.373990751378007	-0.0966636804464144	-0.37395426583571
201	0.283426094744402	0.283237711797497	-0.370974620215657	-0.0875485254712543	-0.370938529096144
202	0.289530668749462	0.289341461662638	-0.367978854592344	-0.0784481858428816	-0.367943151987282
203	0.295640915783087	0.295450885829287	-0.365003222457068	-0.0693623066739803	-0.364967902569612
204	0.301756957126231	0.301566105591286	-0.362047495373257	-0.0602905382470266	-0.362012552515532
205	0.307878912528319	0.307687240710808	-0.359111448447544	-0.0512325359192251	-0.359076877038187
206	0.314006900230675	0.313814409441788	-0.356194860260235	-0.0421879600295607	-0.356160654822008
207	0.320141036989531	0.319947728552941	-0.353297512797442	-0.0331564758079115	-0.3532636679549
208	0.326281438098653	0.326087313350381	-0.350419191384821	-0.024137753286168	-0.350385701862044
209	0.332428217411566	0.332233277699857	-0.347559684622873	-0.0151314672113067	-0.34752654524126
210	0.338581487363402	0.338385734048599	-0.34471878432377	-0.00613729696036801	-0.344685989999884
211	0.344741358992369	0.344544793446791	-0.341896285449657	0.00284507354271229	-0.341863831193127
212	0.350907941960853	0.350710565568676	-0.339091986052389	0.0118159559084642	-0.33905986696387
213	0.357081344576154	0.356883158733293	-0.33630568721467	0.0207756573614843	-0.336273898483848
214	0.36326167381087	0.363062679924865	-0.333537192992549	0.029724480818321	-0.333505729896205
215	0.369449035322929	0.369249234812832	-0.330786310359241	0.0386627249636875	-0.330755168259356
216	0.375643533475279	0.375442927771544	-0.328052849150233	0.0475906843250457	-0.328022023492144
217	0.38184527135524	0.381643861899614	-0.32533662200964	0.0565086493456005	-0.325306108320247
218	0.388054350793529	0.387852139038948	-0.322637444337783	0.0654169064557462	-0.322607238223793
219	0.394270872382954	0.394067859793439	-0.319955134239952	0.0743157381430021	-0.319925231386172
220	0.400494935496796	0.400291123547349	-0.31728951247632	0.083205423020476	-0.317259908643992
221	0.406726638306877	0.406522028483383	-0.314640402412985	0.0920862358938916	-0.31461109343816
222	0.412966077801315	0.412760671600447	-0.3120076299741	0.100958447827215	-0.311978611766053
223	0.419213349801988	0.419007148731105	-0.309391023595073	0.109822326206916	-0.30936229213476
224	0.425468548981694	0.425261554558751	-0.3067904141768	0.118678134804894	-0.306761965515349
225	0.43173176888102	0.431523982634478	-0.30420563504091	0.12752613384011	-0.304177465298151
226	0.438003101924937	0.437794525393668	-0.301636521885996	0.136366580038941	-0.301608627249025
227	0.444282639439101	0.444073274172301	-0.299082912744797	0.145199726694304	-0.299055289466578
228	0.450570471665888	0.450360319222993	-0.29654464794232	0.154025823723568	-0.296517292340316
229	0.456866687780159	0.456655749730756	-0.294021570054866	0.162845117725293	-0.293994478509711
230	0.463171375904755	0.462959653828502	-0.291513523869951	0.171657852034804	-0.291486692824145
231	0.469484623125742	0.469272118612281	-0.289020356347081	0.180464266778661	-0.288993782303719
232	0.475806515507388	0.47559323015627	-0.28654191657937	0.189264598928018	-0.286515596100907
233	0.482137138106901	0.481923073527505	-0.284078055755986	0.198059082350915	-0.284051985463024
234	0.488476574988916	0.48826173280037	-0.281628627125389	0.206847947863526	-0.281602803695497
235	0.494824909239742	0.494609291070851	-0.279193485959353	0.215631423280389	-0.279167906125911
236	0.501182222981372	0.500965830470539	-0.276772489517744	0.224409733463629	-0.276747150068819
237	0.507548597385259	0.507331432180414	-0.274365497014042	0.233183100371217	-0.274340394791289
238	0.513924112685866	0.513706176444396	-0.271972369581591	0.241951743104275	-0.271947501479176
239	0.520308848193992	0.520090142582668	-0.269592970240542	0.25071587795345	-0.269568333204097
240	0.526702882309878	0.526483409004785	-0.267227163865498	0.259475718444381	-0.267202754891092
241	0.533106292536094	0.532886053222567	-0.264874817153816	0.268231475382278	-0.264850633286957
242	0.539519155490216	0.53929815186277	-0.262535798594577	0.276983356895639	-0.262511836929233
243	0.545941546917297	0.545719780679565	-0.260209978438183	0.285731568479114	-0.260186236115828
244	0.552373541702135	0.552151014566798	-0.257897228666587	0.294476313035548	-0.257873702875265
245	0.558815213881328	0.558591927570058	-0.255597422964123	0.303217790917205	-0.255574110937539
246	0.56526663665515	0.565042592898545	-0.253310436688936	0.311956199966214	-0.253287335705564
247	0.571727882399222	0.571503082936746	-0.251036146844987	0.320691735554235	-0.251013254227198
248	0.578199022675994	0.577973469255917	-0.248774432054629	0.329424590621365	-0.248751745167839
249	0.584680128246044	0.584453822625383	-0.246525172531725	0.338154955714319	-0.246502688783566
250	0.591171269079194	0.590944213023655	-0.24428825005532	0.346883019023874	-0.244265966894823
251	0.597672514365441	0.597444709649365	-0.242063547943824	0.355608966421617	-0.242041462860628
252	0.604183932525718	0.603955380932022	-0.23985095102972	0.364332981495998	-0.239829061553292
253	0.610705591222478	0.610476294542602	-0.237650345634772	0.373055245587706	-0.237628649333646
254	0.617237557370108	0.617007517403961	-0.235461619545714	0.381775937824393	-0.235440114026751
255	0.623779897145176	0.623549115701084	-0.233284661990436	0.390495235154739	-0.233263344898095
256	0.630332675996514	0.630101154891167	-0.231119363614619	0.399213312381896	-0.231098232630247
257	0.636895958655144	0.636663699713545	-0.228965616458838	0.407930342196306	-0.228944669299975
258	0.643469809144034	0.64323681419945	-0.22682331393611	0.416646495207925	-0.226802548355811
259	0.650054290787714	0.649820561681624	-0.224692350809876	0.425361939977838	-0.224671764596044
260	0.656649466221724	0.656415004803775	-0.222572623172412	0.434076843049312	-0.222552214147149
261	0.663255397401926	0.663020205529882	-0.220464028423654	0.442791368978272	-0.220443794442622
262	0.669872145613658	0.669636225153355	-0.218366465250432	0.451505680363226	-0.218346404202233
263	0.67649977148075	0.676263124306046	-0.2162798336061	0.460219937874649	-0.216259943411669
264	0.683138334974391	0.682900962967127	-0.214204034690561	0.46893430028383	-0.214184313302566
265	0.689787895421865	0.689549800471816	-0.212138970930663	0.477648924491203	-0.212119416332923
266	0.696448511515146	0.696209695519978	-0.210084545960974	0.486363965554172	-0.210065156167891
267	0.703120241319352	0.70288070618458	-0.20804066460492	0.495079576714432	-0.208021437660918
268	0.709803142281078	0.709562889920022	-0.206007232856275	0.503795909424802	-0.205988166835255
269	0.716497271236592	0.716256303570338	-0.203984157861002	0.51251311337559	-0.203965250865803
270	0.723202684419904	0.722961003377258	-0.201971347899429	0.521231336520474	-0.201952598061311
271	0.72991943747071	0.729677044988164	-0.199968712368768	0.529950725101941	-0.199950117846895
272	0.736647585442214	0.736404483463902	-0.197976161765946	0.538671423676268	-0.197957720746884
273	0.74338718280883	0.743143373286487	-0.195993607670765	0.547393575138065	-0.195975318367992
274	0.750138283473756	0.749893768366687	-0.194020962729364	0.556117320744393	-0.19400282338279
275	0.756900940776447	0.756655722051482	-0.192058140637995	0.564842800138452	-0.19204014951349
276	0.763675207499958	0.763429287131417	-0.190105056127093	0.573570151372865	-0.190087211516023
277	0.770461135878181	0.770214515847838	-0.18816162494563	0.582299510932551	-0.188143925164409
278	0.777258777602974	0.777011459900021	-0.186227763845767	0.591031013757207	-0.186210207235415
279	0.784068183831174	0.783820170452183	-0.18430339056778	0.599764793263394	-0.184285975493486
280	0.790889405191506	0.790640698140398	-0.182388423825251	0.608500981366256	-0.182371148675952
281	0.797722491791392	0.797473093079397	-0.180482783290542	0.61723970850085	-0.180465646478505
282	0.804567493223644	0.804317404869273	-0.178586389580518	0.625981103643126	-0.178569389540936
283	0.811424458573071	0.811173682602077	-0.176699164242533	0.634725294330538	-0.17668229943312
284	0.818293436422972	0.818041974868322	-0.17482102974066	0.643472406682311	-0.174804298641269
285	0.825174474861541	0.82492232976338	-0.172951909442178	0.652222565419362	-0.17293531055441
286	0.832067621488169	0.831814794893789	-0.171091727604287	0.660975893883881	-0.171075259451119
287	0.838972923419656	0.838719417383465	-0.169240409361066	0.66973251405859	-0.169224070486484
288	0.845890427296325	0.845636243879815	-0.167397880710659	0.678492546585666	-0.167381669679298
289	0.852820179288049	0.852565320559766	-0.165564068502687	0.687256110785362	-0.165547983899477
290	0.859762225100185	0.859506693135698	-0.163738900425883	0.696023324674302	-0.163722940855701
291	0.86671660997942	0.866460406861291	-0.16192230499594	0.70479430498348	-0.161906469083274
292	0.87368337871953	0.873426506537288	-0.160114211543572	0.713569167175958	-0.160098497932189
293	0.880662575667054	0.880405036517162	-0.158314550202787	0.722348025464267	-0.158298957555403
294	0.887654244726886	0.887396040712713	-0.156523251899357	0.731130992827529	-0.156507778897321
295	0.894658429367777	0.894399562599573	-0.154740248339492	0.739918181028284	-0.154724893682473
296	0.901675172627764	0.901415645222629	-0.152965471998709	0.748709700629055	-0.152950234404386
297	0.908704517119517	0.908444331201373	-0.15119885611089	0.757505661008627	-0.151183734314653
298	0.915746505035601	0.91548566273517	-0.149440334657526	0.766306170378075	-0.149425327412184
299	0.922801178153671	0.922539681608444	-0.147689842357155	0.775111335796516	-0.14767494843264
300	0.929868577841585	0.929606429195796	-0.145947314654967	0.783921263186618	-0.145932532838054
301	0.936948745062438	0.93668594646704	-0.144212687712592	0.792736057349847	-0.144198016806622
302	0.944041720379536	0.943778273992175	-0.142485898398061	0.801555821981475	-0.142471337222665
303	0.951147543961284	0.950883451946271	-0.140766884275938	0.810380659685345	-0.140752431666771
304	0.958266255586008	0.958001520114298	-0.139055583597614	0.819210671988394	-0.139041238406092
305	0.965397894646711	0.965132517895878	-0.137351935291763	0.828045959354948	-0.137337696384805
306	0.972542500155755	0.972276484309966	-0.135655878954968	0.836886621200787	-0.135641745214745
307	0.979700110749478	0.979433457999468	-0.133967354842489	0.845732755906989	-0.133953325166175
308	0.986870764692743	0.986603477235795	-0.132286303859198	0.854584460833545	-0.132272377158725
309	0.994054499883422	0.993786579923342	-0.130612667550654	0.863441832332768	-0.130598842752478
310	1.00125135385682	1.00098280360391	-0.128946388094332	0.872304965762487	-0.128932664139195
311	1.00846136379002	1.00819218546107	-0.127287408290995	0.88117395549903	-0.127273784133697
312	1.01568456650621	1.01541476232445	-0.125635671556208	0.890048894950003	-0.125622146165381
313	1.02292099847887	1.02265057067397	-0.123991121911989	0.898929876566878	-0.123977694269878
314	1.03017069583597	1.02989964664401	-0.122353703978602	0.907816991857367	-0.122340373080844
315	1.0374336943641	1.03716202602756	-0.120723362966477	0.916710331397621	-0.120710127821892
316	1.0447100295125	1.04443774428021	-0.119100044668269	0.925609984844227	-0.119086904298648
317	1.05199973639706	1.0517268365242	-0.117483695451037	0.934516040946023	-0.117470648890941
318	1.05930284980429	1.05902933755238	-0.115874262248559	0.943428587555731	-0.115861308545112
319	1.06661940419517	1.06634528183202	-0.114271692553764	0.952347711641409	-0.114258830766459
320	1.07394943370901	1.07367470350873	-0.112675934411287	0.961273499297728	-0.112663163611793
321	1.08129297216722	1.08101763641016	-0.111086936410147	0.970206035757074	-0.111074255682115
322	1.08865005307702	1.0883741140498	-0.109504647676539	0.979145405400481	-0.109492056115418
323	1.09602070963514	1.09574416963059	-0.10792901786674	0.988091691768402	-0.107916514579592
324	1.10340497473143	1.1031278360486	-0.106359997160131	0.997044977571302	-0.106347581265451
325	1.11080288095244	1.11052514589655	-0.104797536252327	1.00600534470011	-0.104785206879867
326	1.11821446058491	1.11793613146737	-0.10324158634842	1.01497287423649	-0.103229342639013
327	1.1256397456193	1.12536082475765	-0.101692099156321	1.02394764646298	-0.101679940261713
328	1.13307876775317	1.1327992574711	-0.100149026880215	1.03292974087296	-0.100136951962895
329	1.14053155839459	1.14025146102188	-0.0986123222141118	1.04191923618048	-0.0986003304471508
330	1.14799814866545	1.14771746653797	-0.0970819383355051	1.05091621032994	-0.0970700289023901
331	1.15547856940474	1.15519730486447	-0.0955578288991223	1.05992074050562	-0.0955460009936002
332	1.16297285117183	1.16269100656678	-0.0940399480307779	1.06893290314105	-0.0940282008566993
333	1.17048102424962	1.17019860193386	-0.0925282503213197	1.07795277392831	-0.0925165830924853
334	1.17800311864776	1.17772012098137	-0.0910226908206691	1.08698042782709	-0.0910111027606795
335	1.18553916410567	1.18525559345474	-0.0895232250319535	1.09601593907372	-0.0895117153740617
336	1.19308919009569	1.1928050488323	-0.0880298089057292	1.10505938118996	-0.088018376892695
337	1.20065322582606	1.20036851632826	-0.0865423988342928	1.11411082699177	-0.0865310437182403
338	1.20823130024393	1.20794602489574	-0.0850609516460796	1.12317034859785	-0.0850496726883575
339	1.21582344203829	1.21553760322966	-0.0835854246001486	1.13223801743814	-0.0835742210711918
340	1.2234296796429	1.22314327976969	-0.0821157753807497	1.14131390426215	-0.0821046465599448
341	1.23105004123911	1.23076308270312	-0.0806519620919755	1.15039807914713	-0.0806409072675275
342	1.23868455475875	1.23839703996765	-0.0791939432524929	1.15949061150626	-0.0791829617212944
343	1.24633324788688	1.24604517925421	-0.0777416777903542	1.16859157009653	-0.0777307688578576
344	1.25399614806455	1.25370752800972	-0.0762951250378879	1.17770102302666	-0.0762842880179788
345	1.26167328249152	1.2613841134398	-0.0748542447266645	1.18681903776486	-0.0748434789415381
346	1.26936467812896	1.26907496251142	-0.0734189969825392	1.19594568114642	-0.0734083017625783
347	1.27707036170206	1.2767801019556	-0.0719893423207681	1.20508101938129	-0.0719787170044233
348	1.28479035970266	1.28449955826997	-0.0705652416411975	1.21422511806146	-0.0705546855748696
349	1.29252469839182	1.29223335772139	-0.0691466562235248	1.22337804216829	-0.0691361687614493
350	1.30027340380237	1.29998152634846	-0.0677335477226298	1.23253985607974	-0.0677231282267629
351	1.30803650174143	1.30774408996404	-0.0663258781639751	1.24171062357746	-0.0663155260038821
352	1.31581401779284	1.31552107415771	-0.0649236099390745	1.25089040785377	-0.0649133244918198
353	1.32360597731965	1.32331250429826	-0.063526705801028	1.26007927151862	-0.063516486451067
354	1.3314124054665	1.33111840553603	-0.0621351288601227	1.26927727660638	-0.0621249749991959
355	1.33923332716202	1.33893880280536	-0.0607488425794978	1.27848448458253	-0.0607387536065261
356	1.34706876712118	1.34677372082689	-0.0593678107708737	1.2877009563503	-0.0593577860918559
357	1.35491874984757	1.35462318410989	-0.0579919975903428	1.29692675225722	-0.0579820366182544
358	1.36278329963574	1.36248721695457	-0.0566213675342214	1.30616193210151	-0.0566114696889156
359	1.37066244057342	1.37036584345431	-0.0552558854349625	1.31540655513846	-0.0552460501430723
360	1.37855619654378	1.37825908749788	-0.0538955164571273	1.32466068008666	-0.0538857431519696
361	1.3864645912276	1.3861669727717	-0.0525402260934147	1.33392436513419	-0.0525305142148962
362	1.39438764810546	1.39408952276195	-0.0511899801607488	1.34319766794471	-0.0511803291552726
363	1.40232539045987	1.40202676075672	-0.0498447447964216	1.35248064566345	-0.0498351541167964
364	1.41027784137741	1.40997870984818	-0.048504486454292	1.36177335492311	-0.0484949555596418
365	1.41824502375079	1.4179453929346	-0.0471691719010382	1.37107585184975	-0.0471597002567143
366	1.42622696028094	1.42592683272246	-0.0458387682124643	1.38038819206847	-0.0458293552899582
367	1.43422367347902	1.43392305172847	-0.0445132427698589	1.38971043070916	-0.0445038880467172
368	1.44223518566847	1.44193407228158	-0.0431925632564064	1.39904262241207	-0.043183266216146
369	1.45026151898695	1.44995991652496	-0.0418766976536473	1.4083848213333	-0.0418674577856734
370	1.45830269538831	1.45800060641798	-0.0405656142379906	1.41773708115032	-0.0405564310375149
371	1.46635873664456	1.46605616373814	-0.0392592815772739	1.42709945506729	-0.0392501545452345
372	1.47442966434775	1.47412661008294	-0.0379576685273722	1.43647199582037	-0.0379485971703553
373	1.48251549991184	1.48221196687183	-0.0366607442288547	1.44585475568298	-0.0366517280590165
374	1.4906162645746	1.49031225534803	-0.0353684781036879	1.45524778647091	-0.0353595166386788
375	1.49873197939945	1.4984274965804	-0.0340808398519849	1.46465113954746	-0.0340719326148741
376	1.50686266527723	1.5065577114652	-0.0327977994487998	1.47406486582843	-0.0327889459680017
377	1.51500834292805	1.51470292072797	-0.031519327140967	1.48348901578708	-0.0315105269501686
378	1.52316903290302	1.52286314492523	-0.0302453934439839	1.49292363945904	-0.030236646082073
379	1.53134475558603	1.53103840444625	-0.028975969138937	1.50236878644709	-0.0289672741499319
380	1.53953553119544	1.53922871951479	-0.02771102526947	1.51182450592597	-0.0277023822024507
381	1.54774137978585	1.54743411019079	-0.0264505331387943	1.52129084664705	-0.0264419415478336
382	1.55596232124969	1.55565459637209	-0.0251944643067397	1.53076785694295	-0.0251859237508367
383	1.56419837531899	1.56389019779603	-0.0239427905868461	1.54025558473215	-0.02393430062986
384	1.57244956156695	1.57214093404116	-0.0226954840434947	1.54975407752346	-0.0226870442540797
385	1.58071589940958	1.58040682452883	-0.0214525169890786	1.55926338242051	-0.0214441269406199
386	1.58899740810733	1.58868788852478	-0.0202138619812111	1.56878354612612	-0.0202055212517622
387	1.59729410676663	1.59698414514078	-0.018979491819973	1.57831461494666	-0.0189711999921933
388	1.6056060143415	1.60529561333612	-0.0177493795451961	1.58785663479631	-0.0177411362062904
389	1.61393314963507	1.61362231191922	-0.0165234984337842	1.59740965120129	-0.0165153031754419
390	1.62227553130111	1.62196425954913	-0.0153018219970694	1.60697370930404	-0.0152936744154062
391	1.63063317784553	1.63032147473702	-0.014084323978205	1.61654885386732	-0.014076223673704
392	1.63900610762789	1.6386939758477	-0.0128709783495923	1.6261351292783	-0.0128629249270468
393	1.64739433886287	1.6470817811011	-0.0116617593103424	1.63573257955253	-0.0116537523787996
394	1.6557978896217	1.65548490857368	-0.0104566412837718	1.64534124833793	-0.0104486804564771
395	1.66421677783362	1.66390337619989	-0.00925559891493127	1.65496117891869	-0.00924768380927356
396	1.67265102128729	1.67233720177362	-0.00805860706816776	1.66459241421912	-0.00805073730562549
397	1.6811006376322	1.68078640294955	-0.00686564082471833	1.67423499680748	-0.00685781603080641
398	1.68956564438004	1.68925099724456	-0.00567667548033615	1.6838889688997	-0.00566889528455372
399	1.69804605890608	1.69773100203911	-0.00449168654294776	1.69355437236313	-0.00448395057872666
